{
 "cells": [
  {
   "cell_type": "code",
   "execution_count": 9,
   "id": "285f7c19",
   "metadata": {},
   "outputs": [],
   "source": [
    "# Import appropriate modules\n",
    "import pandas as pd\n",
    "import datetime\n",
    "import numpy as np\n",
    "import yfinance as yf\n",
    "from pathlib import Path\n",
    "from datetime import datetime\n",
    "import hvplot\n",
    "import hvplot.pandas"
   ]
  },
  {
   "cell_type": "code",
   "execution_count": 10,
   "id": "733fae8a",
   "metadata": {},
   "outputs": [],
   "source": [
    "def retrieve_yahoo_data(ticker = 'spy', start_date = '2007-07-01', end_date = '2021-10-03'):\n",
    "    try:\n",
    "        # get data based on ticker\n",
    "        yahoo_data = yf.Ticker(ticker)\n",
    "        print(f\"Processing Ticker {ticker}\")\n",
    "        # select data using start date and end data and calculate the daily return\n",
    "        price_df = yahoo_data.history(start=start_date, end=end_date).Close\n",
    "        price_df.name = ticker\n",
    "        # if no data retrieved raise exception\n",
    "        if price_df.shape[0] == 0:\n",
    "            raise Exception(\"No Prices.\")\n",
    "        return price_df\n",
    "    # handle exception\n",
    "    except Exception as ex:\n",
    "        print(f\"Sorry, Data not available for '{ticker}': Exception is {ex}\")"
   ]
  },
  {
   "cell_type": "code",
   "execution_count": 65,
   "id": "226af6a7",
   "metadata": {},
   "outputs": [
    {
     "name": "stdout",
     "output_type": "stream",
     "text": [
      "Processing Ticker ^VIX\n",
      "Processing Ticker spy\n",
      "Processing Ticker DX-Y.NYB\n",
      "Processing Ticker tlt\n",
      "Processing Ticker ief\n",
      "Processing Ticker gld\n",
      "Processing Ticker slv\n",
      "Processing Ticker CL=F\n",
      "Processing Ticker USDJPY=X\n",
      "Processing Ticker VXX\n"
     ]
    },
    {
     "data": {
      "text/html": [
       "<div>\n",
       "<style scoped>\n",
       "    .dataframe tbody tr th:only-of-type {\n",
       "        vertical-align: middle;\n",
       "    }\n",
       "\n",
       "    .dataframe tbody tr th {\n",
       "        vertical-align: top;\n",
       "    }\n",
       "\n",
       "    .dataframe thead th {\n",
       "        text-align: right;\n",
       "    }\n",
       "</style>\n",
       "<table border=\"1\" class=\"dataframe\">\n",
       "  <thead>\n",
       "    <tr style=\"text-align: right;\">\n",
       "      <th></th>\n",
       "      <th>^VIX</th>\n",
       "      <th>spy</th>\n",
       "      <th>DX-Y.NYB</th>\n",
       "      <th>tlt</th>\n",
       "      <th>ief</th>\n",
       "      <th>gld</th>\n",
       "      <th>slv</th>\n",
       "      <th>CL=F</th>\n",
       "      <th>USDJPY=X</th>\n",
       "      <th>VXX</th>\n",
       "    </tr>\n",
       "    <tr>\n",
       "      <th>Date</th>\n",
       "      <th></th>\n",
       "      <th></th>\n",
       "      <th></th>\n",
       "      <th></th>\n",
       "      <th></th>\n",
       "      <th></th>\n",
       "      <th></th>\n",
       "      <th></th>\n",
       "      <th></th>\n",
       "      <th></th>\n",
       "    </tr>\n",
       "  </thead>\n",
       "  <tbody>\n",
       "    <tr>\n",
       "      <th>2007-07-02</th>\n",
       "      <td>15.40</td>\n",
       "      <td>114.157913</td>\n",
       "      <td>81.389999</td>\n",
       "      <td>56.166187</td>\n",
       "      <td>58.142723</td>\n",
       "      <td>65.019997</td>\n",
       "      <td>12.588</td>\n",
       "      <td>71.089996</td>\n",
       "      <td>122.230003</td>\n",
       "      <td>NaN</td>\n",
       "    </tr>\n",
       "    <tr>\n",
       "      <th>2007-07-03</th>\n",
       "      <td>14.92</td>\n",
       "      <td>114.571518</td>\n",
       "      <td>NaN</td>\n",
       "      <td>55.823769</td>\n",
       "      <td>57.970230</td>\n",
       "      <td>64.739998</td>\n",
       "      <td>12.532</td>\n",
       "      <td>NaN</td>\n",
       "      <td>122.470001</td>\n",
       "      <td>NaN</td>\n",
       "    </tr>\n",
       "    <tr>\n",
       "      <th>2007-07-04</th>\n",
       "      <td>NaN</td>\n",
       "      <td>NaN</td>\n",
       "      <td>NaN</td>\n",
       "      <td>NaN</td>\n",
       "      <td>NaN</td>\n",
       "      <td>NaN</td>\n",
       "      <td>NaN</td>\n",
       "      <td>NaN</td>\n",
       "      <td>122.660004</td>\n",
       "      <td>NaN</td>\n",
       "    </tr>\n",
       "    <tr>\n",
       "      <th>2007-07-05</th>\n",
       "      <td>15.48</td>\n",
       "      <td>114.451256</td>\n",
       "      <td>81.540001</td>\n",
       "      <td>55.198105</td>\n",
       "      <td>57.646790</td>\n",
       "      <td>64.419998</td>\n",
       "      <td>12.465</td>\n",
       "      <td>71.809998</td>\n",
       "      <td>122.949997</td>\n",
       "      <td>NaN</td>\n",
       "    </tr>\n",
       "    <tr>\n",
       "      <th>2007-07-06</th>\n",
       "      <td>14.72</td>\n",
       "      <td>115.052895</td>\n",
       "      <td>81.459999</td>\n",
       "      <td>54.974232</td>\n",
       "      <td>57.510231</td>\n",
       "      <td>64.959999</td>\n",
       "      <td>12.680</td>\n",
       "      <td>72.809998</td>\n",
       "      <td>123.360001</td>\n",
       "      <td>NaN</td>\n",
       "    </tr>\n",
       "  </tbody>\n",
       "</table>\n",
       "</div>"
      ],
      "text/plain": [
       "             ^VIX         spy   DX-Y.NYB        tlt        ief        gld  \\\n",
       "Date                                                                        \n",
       "2007-07-02  15.40  114.157913  81.389999  56.166187  58.142723  65.019997   \n",
       "2007-07-03  14.92  114.571518        NaN  55.823769  57.970230  64.739998   \n",
       "2007-07-04    NaN         NaN        NaN        NaN        NaN        NaN   \n",
       "2007-07-05  15.48  114.451256  81.540001  55.198105  57.646790  64.419998   \n",
       "2007-07-06  14.72  115.052895  81.459999  54.974232  57.510231  64.959999   \n",
       "\n",
       "               slv       CL=F    USDJPY=X  VXX  \n",
       "Date                                            \n",
       "2007-07-02  12.588  71.089996  122.230003  NaN  \n",
       "2007-07-03  12.532        NaN  122.470001  NaN  \n",
       "2007-07-04     NaN        NaN  122.660004  NaN  \n",
       "2007-07-05  12.465  71.809998  122.949997  NaN  \n",
       "2007-07-06  12.680  72.809998  123.360001  NaN  "
      ]
     },
     "execution_count": 65,
     "metadata": {},
     "output_type": "execute_result"
    }
   ],
   "source": [
    "# Set up the variable related to tickers and tickers data\n",
    "ticker_data_dict = {}\n",
    "ticker_list = [\"^VIX\", \"spy\", \"DX-Y.NYB\", \"tlt\", \"ief\", \"gld\", \"slv\", \"CL=F\", \"USDJPY=X\", \"VXX\"]\n",
    "\n",
    "# Retrieve Tickers\n",
    "def retrieve_tickers(ticker_data_dict, ticker_list):\n",
    "    for ticker in ticker_list:\n",
    "        ticker_data = retrieve_yahoo_data(ticker)\n",
    "        ticker_data_dict[ticker] = ticker_data\n",
    "        \n",
    "    return ticker_data_dict\n",
    "        \n",
    "ticker_data_dict = retrieve_tickers(ticker_data_dict, ticker_list)\n",
    "ticker_data_df = pd.DataFrame(ticker_data_dict)\n",
    "# ticker_data_df = ticker_data_df.dropna()\n",
    "# Display the ticker data related data frame\n",
    "ticker_data_df.head()"
   ]
  },
  {
   "cell_type": "code",
   "execution_count": 58,
   "id": "b47241a5",
   "metadata": {},
   "outputs": [],
   "source": [
    "returns_df=ticker_data_df.pct_change()\n",
    "returns_all_but_VIX=returns_df.drop(columns=['^VIX'])"
   ]
  },
  {
   "cell_type": "code",
   "execution_count": 59,
   "id": "37edd650",
   "metadata": {},
   "outputs": [
    {
     "data": {
      "text/html": [
       "<div>\n",
       "<style scoped>\n",
       "    .dataframe tbody tr th:only-of-type {\n",
       "        vertical-align: middle;\n",
       "    }\n",
       "\n",
       "    .dataframe tbody tr th {\n",
       "        vertical-align: top;\n",
       "    }\n",
       "\n",
       "    .dataframe thead th {\n",
       "        text-align: right;\n",
       "    }\n",
       "</style>\n",
       "<table border=\"1\" class=\"dataframe\">\n",
       "  <thead>\n",
       "    <tr style=\"text-align: right;\">\n",
       "      <th></th>\n",
       "      <th>spy</th>\n",
       "      <th>DX-Y.NYB</th>\n",
       "      <th>tlt</th>\n",
       "      <th>ief</th>\n",
       "      <th>gld</th>\n",
       "      <th>slv</th>\n",
       "      <th>CL=F</th>\n",
       "      <th>USDJPY=X</th>\n",
       "      <th>VXX</th>\n",
       "    </tr>\n",
       "    <tr>\n",
       "      <th>Date</th>\n",
       "      <th></th>\n",
       "      <th></th>\n",
       "      <th></th>\n",
       "      <th></th>\n",
       "      <th></th>\n",
       "      <th></th>\n",
       "      <th></th>\n",
       "      <th></th>\n",
       "      <th></th>\n",
       "    </tr>\n",
       "  </thead>\n",
       "  <tbody>\n",
       "    <tr>\n",
       "      <th>2007-07-02</th>\n",
       "      <td>NaN</td>\n",
       "      <td>NaN</td>\n",
       "      <td>NaN</td>\n",
       "      <td>NaN</td>\n",
       "      <td>NaN</td>\n",
       "      <td>NaN</td>\n",
       "      <td>NaN</td>\n",
       "      <td>NaN</td>\n",
       "      <td>NaN</td>\n",
       "    </tr>\n",
       "    <tr>\n",
       "      <th>2007-07-03</th>\n",
       "      <td>1.003623</td>\n",
       "      <td>1.000000</td>\n",
       "      <td>0.993903</td>\n",
       "      <td>0.997033</td>\n",
       "      <td>0.995694</td>\n",
       "      <td>0.995551</td>\n",
       "      <td>1.000000</td>\n",
       "      <td>1.001963</td>\n",
       "      <td>NaN</td>\n",
       "    </tr>\n",
       "    <tr>\n",
       "      <th>2007-07-04</th>\n",
       "      <td>1.003623</td>\n",
       "      <td>1.000000</td>\n",
       "      <td>0.993903</td>\n",
       "      <td>0.997033</td>\n",
       "      <td>0.995694</td>\n",
       "      <td>0.995551</td>\n",
       "      <td>1.000000</td>\n",
       "      <td>1.003518</td>\n",
       "      <td>NaN</td>\n",
       "    </tr>\n",
       "    <tr>\n",
       "      <th>2007-07-05</th>\n",
       "      <td>1.002569</td>\n",
       "      <td>1.001843</td>\n",
       "      <td>0.982765</td>\n",
       "      <td>0.991471</td>\n",
       "      <td>0.990772</td>\n",
       "      <td>0.990229</td>\n",
       "      <td>1.010128</td>\n",
       "      <td>1.005890</td>\n",
       "      <td>NaN</td>\n",
       "    </tr>\n",
       "    <tr>\n",
       "      <th>2007-07-06</th>\n",
       "      <td>1.007840</td>\n",
       "      <td>1.000860</td>\n",
       "      <td>0.978778</td>\n",
       "      <td>0.989122</td>\n",
       "      <td>0.999077</td>\n",
       "      <td>1.007309</td>\n",
       "      <td>1.024195</td>\n",
       "      <td>1.009245</td>\n",
       "      <td>NaN</td>\n",
       "    </tr>\n",
       "    <tr>\n",
       "      <th>...</th>\n",
       "      <td>...</td>\n",
       "      <td>...</td>\n",
       "      <td>...</td>\n",
       "      <td>...</td>\n",
       "      <td>...</td>\n",
       "      <td>...</td>\n",
       "      <td>...</td>\n",
       "      <td>...</td>\n",
       "      <td>...</td>\n",
       "    </tr>\n",
       "    <tr>\n",
       "      <th>2021-09-27</th>\n",
       "      <td>3.877437</td>\n",
       "      <td>1.147315</td>\n",
       "      <td>2.606017</td>\n",
       "      <td>1.984771</td>\n",
       "      <td>2.516764</td>\n",
       "      <td>1.663489</td>\n",
       "      <td>1.061331</td>\n",
       "      <td>0.906193</td>\n",
       "      <td>0.224331</td>\n",
       "    </tr>\n",
       "    <tr>\n",
       "      <th>2021-09-28</th>\n",
       "      <td>3.799300</td>\n",
       "      <td>1.152107</td>\n",
       "      <td>2.565423</td>\n",
       "      <td>1.977204</td>\n",
       "      <td>2.492310</td>\n",
       "      <td>1.650779</td>\n",
       "      <td>1.059080</td>\n",
       "      <td>0.907829</td>\n",
       "      <td>0.247740</td>\n",
       "    </tr>\n",
       "    <tr>\n",
       "      <th>2021-09-29</th>\n",
       "      <td>3.805694</td>\n",
       "      <td>1.159110</td>\n",
       "      <td>2.569874</td>\n",
       "      <td>1.979268</td>\n",
       "      <td>2.481083</td>\n",
       "      <td>1.584843</td>\n",
       "      <td>1.052609</td>\n",
       "      <td>0.912444</td>\n",
       "      <td>0.251356</td>\n",
       "    </tr>\n",
       "    <tr>\n",
       "      <th>2021-09-30</th>\n",
       "      <td>3.759180</td>\n",
       "      <td>1.158005</td>\n",
       "      <td>2.569518</td>\n",
       "      <td>1.981675</td>\n",
       "      <td>2.525685</td>\n",
       "      <td>1.630124</td>\n",
       "      <td>1.055423</td>\n",
       "      <td>0.915782</td>\n",
       "      <td>0.251537</td>\n",
       "    </tr>\n",
       "    <tr>\n",
       "      <th>2021-10-01</th>\n",
       "      <td>3.759180</td>\n",
       "      <td>1.155425</td>\n",
       "      <td>2.587857</td>\n",
       "      <td>1.988383</td>\n",
       "      <td>2.531375</td>\n",
       "      <td>1.654751</td>\n",
       "      <td>1.067379</td>\n",
       "      <td>0.911896</td>\n",
       "      <td>0.242408</td>\n",
       "    </tr>\n",
       "  </tbody>\n",
       "</table>\n",
       "<p>3720 rows × 9 columns</p>\n",
       "</div>"
      ],
      "text/plain": [
       "                 spy  DX-Y.NYB       tlt       ief       gld       slv  \\\n",
       "Date                                                                     \n",
       "2007-07-02       NaN       NaN       NaN       NaN       NaN       NaN   \n",
       "2007-07-03  1.003623  1.000000  0.993903  0.997033  0.995694  0.995551   \n",
       "2007-07-04  1.003623  1.000000  0.993903  0.997033  0.995694  0.995551   \n",
       "2007-07-05  1.002569  1.001843  0.982765  0.991471  0.990772  0.990229   \n",
       "2007-07-06  1.007840  1.000860  0.978778  0.989122  0.999077  1.007309   \n",
       "...              ...       ...       ...       ...       ...       ...   \n",
       "2021-09-27  3.877437  1.147315  2.606017  1.984771  2.516764  1.663489   \n",
       "2021-09-28  3.799300  1.152107  2.565423  1.977204  2.492310  1.650779   \n",
       "2021-09-29  3.805694  1.159110  2.569874  1.979268  2.481083  1.584843   \n",
       "2021-09-30  3.759180  1.158005  2.569518  1.981675  2.525685  1.630124   \n",
       "2021-10-01  3.759180  1.155425  2.587857  1.988383  2.531375  1.654751   \n",
       "\n",
       "                CL=F  USDJPY=X       VXX  \n",
       "Date                                      \n",
       "2007-07-02       NaN       NaN       NaN  \n",
       "2007-07-03  1.000000  1.001963       NaN  \n",
       "2007-07-04  1.000000  1.003518       NaN  \n",
       "2007-07-05  1.010128  1.005890       NaN  \n",
       "2007-07-06  1.024195  1.009245       NaN  \n",
       "...              ...       ...       ...  \n",
       "2021-09-27  1.061331  0.906193  0.224331  \n",
       "2021-09-28  1.059080  0.907829  0.247740  \n",
       "2021-09-29  1.052609  0.912444  0.251356  \n",
       "2021-09-30  1.055423  0.915782  0.251537  \n",
       "2021-10-01  1.067379  0.911896  0.242408  \n",
       "\n",
       "[3720 rows x 9 columns]"
      ]
     },
     "execution_count": 59,
     "metadata": {},
     "output_type": "execute_result"
    }
   ],
   "source": [
    "cum_returns=(1+returns_df).cumprod()\n",
    "cum_returns_all_but_vix=(1+returns_all_but_VIX).cumprod()\n",
    "cum_returns_all_but_vix"
   ]
  },
  {
   "cell_type": "code",
   "execution_count": 60,
   "id": "0860cd88",
   "metadata": {},
   "outputs": [
    {
     "data": {
      "text/html": [
       "<div>\n",
       "<style scoped>\n",
       "    .dataframe tbody tr th:only-of-type {\n",
       "        vertical-align: middle;\n",
       "    }\n",
       "\n",
       "    .dataframe tbody tr th {\n",
       "        vertical-align: top;\n",
       "    }\n",
       "\n",
       "    .dataframe thead th {\n",
       "        text-align: right;\n",
       "    }\n",
       "</style>\n",
       "<table border=\"1\" class=\"dataframe\">\n",
       "  <thead>\n",
       "    <tr style=\"text-align: right;\">\n",
       "      <th></th>\n",
       "      <th>^VIX</th>\n",
       "      <th>spy</th>\n",
       "      <th>DX-Y.NYB</th>\n",
       "      <th>tlt</th>\n",
       "      <th>ief</th>\n",
       "      <th>gld</th>\n",
       "      <th>slv</th>\n",
       "      <th>CL=F</th>\n",
       "      <th>USDJPY=X</th>\n",
       "      <th>VXX</th>\n",
       "    </tr>\n",
       "  </thead>\n",
       "  <tbody>\n",
       "    <tr>\n",
       "      <th>^VIX</th>\n",
       "      <td>1.000000</td>\n",
       "      <td>-0.262252</td>\n",
       "      <td>-0.177535</td>\n",
       "      <td>-0.153039</td>\n",
       "      <td>-0.238696</td>\n",
       "      <td>-0.140994</td>\n",
       "      <td>-0.116533</td>\n",
       "      <td>-0.154325</td>\n",
       "      <td>-0.236938</td>\n",
       "      <td>0.375032</td>\n",
       "    </tr>\n",
       "    <tr>\n",
       "      <th>spy</th>\n",
       "      <td>-0.262252</td>\n",
       "      <td>1.000000</td>\n",
       "      <td>0.694436</td>\n",
       "      <td>0.885131</td>\n",
       "      <td>0.866806</td>\n",
       "      <td>0.481797</td>\n",
       "      <td>-0.113056</td>\n",
       "      <td>-0.482599</td>\n",
       "      <td>0.529329</td>\n",
       "      <td>-0.868338</td>\n",
       "    </tr>\n",
       "    <tr>\n",
       "      <th>DX-Y.NYB</th>\n",
       "      <td>-0.177535</td>\n",
       "      <td>0.694436</td>\n",
       "      <td>1.000000</td>\n",
       "      <td>0.770690</td>\n",
       "      <td>0.754411</td>\n",
       "      <td>0.123592</td>\n",
       "      <td>-0.455048</td>\n",
       "      <td>-0.830481</td>\n",
       "      <td>0.676866</td>\n",
       "      <td>0.274011</td>\n",
       "    </tr>\n",
       "    <tr>\n",
       "      <th>tlt</th>\n",
       "      <td>-0.153039</td>\n",
       "      <td>0.885131</td>\n",
       "      <td>0.770690</td>\n",
       "      <td>1.000000</td>\n",
       "      <td>0.982691</td>\n",
       "      <td>0.623438</td>\n",
       "      <td>-0.040165</td>\n",
       "      <td>-0.623991</td>\n",
       "      <td>0.398247</td>\n",
       "      <td>-0.356791</td>\n",
       "    </tr>\n",
       "    <tr>\n",
       "      <th>ief</th>\n",
       "      <td>-0.238696</td>\n",
       "      <td>0.866806</td>\n",
       "      <td>0.754411</td>\n",
       "      <td>0.982691</td>\n",
       "      <td>1.000000</td>\n",
       "      <td>0.680951</td>\n",
       "      <td>0.045964</td>\n",
       "      <td>-0.569720</td>\n",
       "      <td>0.344841</td>\n",
       "      <td>-0.469303</td>\n",
       "    </tr>\n",
       "    <tr>\n",
       "      <th>gld</th>\n",
       "      <td>-0.140994</td>\n",
       "      <td>0.481797</td>\n",
       "      <td>0.123592</td>\n",
       "      <td>0.623438</td>\n",
       "      <td>0.680951</td>\n",
       "      <td>1.000000</td>\n",
       "      <td>0.714587</td>\n",
       "      <td>-0.023258</td>\n",
       "      <td>-0.360724</td>\n",
       "      <td>-0.539503</td>\n",
       "    </tr>\n",
       "    <tr>\n",
       "      <th>slv</th>\n",
       "      <td>-0.116533</td>\n",
       "      <td>-0.113056</td>\n",
       "      <td>-0.455048</td>\n",
       "      <td>-0.040165</td>\n",
       "      <td>0.045964</td>\n",
       "      <td>0.714587</td>\n",
       "      <td>1.000000</td>\n",
       "      <td>0.477390</td>\n",
       "      <td>-0.711848</td>\n",
       "      <td>-0.681930</td>\n",
       "    </tr>\n",
       "    <tr>\n",
       "      <th>CL=F</th>\n",
       "      <td>-0.154325</td>\n",
       "      <td>-0.482599</td>\n",
       "      <td>-0.830481</td>\n",
       "      <td>-0.623991</td>\n",
       "      <td>-0.569720</td>\n",
       "      <td>-0.023258</td>\n",
       "      <td>0.477390</td>\n",
       "      <td>1.000000</td>\n",
       "      <td>-0.514512</td>\n",
       "      <td>-0.340802</td>\n",
       "    </tr>\n",
       "    <tr>\n",
       "      <th>USDJPY=X</th>\n",
       "      <td>-0.236938</td>\n",
       "      <td>0.529329</td>\n",
       "      <td>0.676866</td>\n",
       "      <td>0.398247</td>\n",
       "      <td>0.344841</td>\n",
       "      <td>-0.360724</td>\n",
       "      <td>-0.711848</td>\n",
       "      <td>-0.514512</td>\n",
       "      <td>1.000000</td>\n",
       "      <td>0.049850</td>\n",
       "    </tr>\n",
       "    <tr>\n",
       "      <th>VXX</th>\n",
       "      <td>0.375032</td>\n",
       "      <td>-0.868338</td>\n",
       "      <td>0.274011</td>\n",
       "      <td>-0.356791</td>\n",
       "      <td>-0.469303</td>\n",
       "      <td>-0.539503</td>\n",
       "      <td>-0.681930</td>\n",
       "      <td>-0.340802</td>\n",
       "      <td>0.049850</td>\n",
       "      <td>1.000000</td>\n",
       "    </tr>\n",
       "  </tbody>\n",
       "</table>\n",
       "</div>"
      ],
      "text/plain": [
       "              ^VIX       spy  DX-Y.NYB       tlt       ief       gld  \\\n",
       "^VIX      1.000000 -0.262252 -0.177535 -0.153039 -0.238696 -0.140994   \n",
       "spy      -0.262252  1.000000  0.694436  0.885131  0.866806  0.481797   \n",
       "DX-Y.NYB -0.177535  0.694436  1.000000  0.770690  0.754411  0.123592   \n",
       "tlt      -0.153039  0.885131  0.770690  1.000000  0.982691  0.623438   \n",
       "ief      -0.238696  0.866806  0.754411  0.982691  1.000000  0.680951   \n",
       "gld      -0.140994  0.481797  0.123592  0.623438  0.680951  1.000000   \n",
       "slv      -0.116533 -0.113056 -0.455048 -0.040165  0.045964  0.714587   \n",
       "CL=F     -0.154325 -0.482599 -0.830481 -0.623991 -0.569720 -0.023258   \n",
       "USDJPY=X -0.236938  0.529329  0.676866  0.398247  0.344841 -0.360724   \n",
       "VXX       0.375032 -0.868338  0.274011 -0.356791 -0.469303 -0.539503   \n",
       "\n",
       "               slv      CL=F  USDJPY=X       VXX  \n",
       "^VIX     -0.116533 -0.154325 -0.236938  0.375032  \n",
       "spy      -0.113056 -0.482599  0.529329 -0.868338  \n",
       "DX-Y.NYB -0.455048 -0.830481  0.676866  0.274011  \n",
       "tlt      -0.040165 -0.623991  0.398247 -0.356791  \n",
       "ief       0.045964 -0.569720  0.344841 -0.469303  \n",
       "gld       0.714587 -0.023258 -0.360724 -0.539503  \n",
       "slv       1.000000  0.477390 -0.711848 -0.681930  \n",
       "CL=F      0.477390  1.000000 -0.514512 -0.340802  \n",
       "USDJPY=X -0.711848 -0.514512  1.000000  0.049850  \n",
       "VXX      -0.681930 -0.340802  0.049850  1.000000  "
      ]
     },
     "execution_count": 60,
     "metadata": {},
     "output_type": "execute_result"
    }
   ],
   "source": [
    "# Are levels correlated? -- YES\n",
    "ticker_data_df.corr()"
   ]
  },
  {
   "cell_type": "code",
   "execution_count": 61,
   "id": "ef816442",
   "metadata": {},
   "outputs": [
    {
     "data": {
      "text/html": [
       "<div>\n",
       "<style scoped>\n",
       "    .dataframe tbody tr th:only-of-type {\n",
       "        vertical-align: middle;\n",
       "    }\n",
       "\n",
       "    .dataframe tbody tr th {\n",
       "        vertical-align: top;\n",
       "    }\n",
       "\n",
       "    .dataframe thead th {\n",
       "        text-align: right;\n",
       "    }\n",
       "</style>\n",
       "<table border=\"1\" class=\"dataframe\">\n",
       "  <thead>\n",
       "    <tr style=\"text-align: right;\">\n",
       "      <th></th>\n",
       "      <th>^VIX</th>\n",
       "      <th>spy</th>\n",
       "      <th>DX-Y.NYB</th>\n",
       "      <th>tlt</th>\n",
       "      <th>ief</th>\n",
       "      <th>gld</th>\n",
       "      <th>slv</th>\n",
       "      <th>CL=F</th>\n",
       "      <th>USDJPY=X</th>\n",
       "      <th>VXX</th>\n",
       "    </tr>\n",
       "  </thead>\n",
       "  <tbody>\n",
       "    <tr>\n",
       "      <th>^VIX</th>\n",
       "      <td>1.000000</td>\n",
       "      <td>-0.718837</td>\n",
       "      <td>0.093661</td>\n",
       "      <td>0.334242</td>\n",
       "      <td>0.344377</td>\n",
       "      <td>-0.010204</td>\n",
       "      <td>-0.164473</td>\n",
       "      <td>-0.130616</td>\n",
       "      <td>-0.110360</td>\n",
       "      <td>0.886326</td>\n",
       "    </tr>\n",
       "    <tr>\n",
       "      <th>spy</th>\n",
       "      <td>-0.718837</td>\n",
       "      <td>1.000000</td>\n",
       "      <td>-0.182415</td>\n",
       "      <td>-0.432243</td>\n",
       "      <td>-0.430473</td>\n",
       "      <td>0.031160</td>\n",
       "      <td>0.220354</td>\n",
       "      <td>0.173950</td>\n",
       "      <td>0.212774</td>\n",
       "      <td>-0.773624</td>\n",
       "    </tr>\n",
       "    <tr>\n",
       "      <th>DX-Y.NYB</th>\n",
       "      <td>0.093661</td>\n",
       "      <td>-0.182415</td>\n",
       "      <td>1.000000</td>\n",
       "      <td>0.011827</td>\n",
       "      <td>-0.053894</td>\n",
       "      <td>-0.406660</td>\n",
       "      <td>-0.418170</td>\n",
       "      <td>-0.101696</td>\n",
       "      <td>0.051795</td>\n",
       "      <td>0.072226</td>\n",
       "    </tr>\n",
       "    <tr>\n",
       "      <th>tlt</th>\n",
       "      <td>0.334242</td>\n",
       "      <td>-0.432243</td>\n",
       "      <td>0.011827</td>\n",
       "      <td>1.000000</td>\n",
       "      <td>0.911058</td>\n",
       "      <td>0.153195</td>\n",
       "      <td>-0.007272</td>\n",
       "      <td>-0.120446</td>\n",
       "      <td>-0.128952</td>\n",
       "      <td>0.280800</td>\n",
       "    </tr>\n",
       "    <tr>\n",
       "      <th>ief</th>\n",
       "      <td>0.344377</td>\n",
       "      <td>-0.430473</td>\n",
       "      <td>-0.053894</td>\n",
       "      <td>0.911058</td>\n",
       "      <td>1.000000</td>\n",
       "      <td>0.192802</td>\n",
       "      <td>0.026647</td>\n",
       "      <td>-0.105590</td>\n",
       "      <td>-0.190336</td>\n",
       "      <td>0.312000</td>\n",
       "    </tr>\n",
       "    <tr>\n",
       "      <th>gld</th>\n",
       "      <td>-0.010204</td>\n",
       "      <td>0.031160</td>\n",
       "      <td>-0.406660</td>\n",
       "      <td>0.153195</td>\n",
       "      <td>0.192802</td>\n",
       "      <td>1.000000</td>\n",
       "      <td>0.794172</td>\n",
       "      <td>0.071690</td>\n",
       "      <td>-0.037653</td>\n",
       "      <td>-0.066436</td>\n",
       "    </tr>\n",
       "    <tr>\n",
       "      <th>slv</th>\n",
       "      <td>-0.164473</td>\n",
       "      <td>0.220354</td>\n",
       "      <td>-0.418170</td>\n",
       "      <td>-0.007272</td>\n",
       "      <td>0.026647</td>\n",
       "      <td>0.794172</td>\n",
       "      <td>1.000000</td>\n",
       "      <td>0.124697</td>\n",
       "      <td>0.002264</td>\n",
       "      <td>-0.227686</td>\n",
       "    </tr>\n",
       "    <tr>\n",
       "      <th>CL=F</th>\n",
       "      <td>-0.130616</td>\n",
       "      <td>0.173950</td>\n",
       "      <td>-0.101696</td>\n",
       "      <td>-0.120446</td>\n",
       "      <td>-0.105590</td>\n",
       "      <td>0.071690</td>\n",
       "      <td>0.124697</td>\n",
       "      <td>1.000000</td>\n",
       "      <td>0.035922</td>\n",
       "      <td>-0.163233</td>\n",
       "    </tr>\n",
       "    <tr>\n",
       "      <th>USDJPY=X</th>\n",
       "      <td>-0.110360</td>\n",
       "      <td>0.212774</td>\n",
       "      <td>0.051795</td>\n",
       "      <td>-0.128952</td>\n",
       "      <td>-0.190336</td>\n",
       "      <td>-0.037653</td>\n",
       "      <td>0.002264</td>\n",
       "      <td>0.035922</td>\n",
       "      <td>1.000000</td>\n",
       "      <td>-0.013628</td>\n",
       "    </tr>\n",
       "    <tr>\n",
       "      <th>VXX</th>\n",
       "      <td>0.886326</td>\n",
       "      <td>-0.773624</td>\n",
       "      <td>0.072226</td>\n",
       "      <td>0.280800</td>\n",
       "      <td>0.312000</td>\n",
       "      <td>-0.066436</td>\n",
       "      <td>-0.227686</td>\n",
       "      <td>-0.163233</td>\n",
       "      <td>-0.013628</td>\n",
       "      <td>1.000000</td>\n",
       "    </tr>\n",
       "  </tbody>\n",
       "</table>\n",
       "</div>"
      ],
      "text/plain": [
       "              ^VIX       spy  DX-Y.NYB       tlt       ief       gld  \\\n",
       "^VIX      1.000000 -0.718837  0.093661  0.334242  0.344377 -0.010204   \n",
       "spy      -0.718837  1.000000 -0.182415 -0.432243 -0.430473  0.031160   \n",
       "DX-Y.NYB  0.093661 -0.182415  1.000000  0.011827 -0.053894 -0.406660   \n",
       "tlt       0.334242 -0.432243  0.011827  1.000000  0.911058  0.153195   \n",
       "ief       0.344377 -0.430473 -0.053894  0.911058  1.000000  0.192802   \n",
       "gld      -0.010204  0.031160 -0.406660  0.153195  0.192802  1.000000   \n",
       "slv      -0.164473  0.220354 -0.418170 -0.007272  0.026647  0.794172   \n",
       "CL=F     -0.130616  0.173950 -0.101696 -0.120446 -0.105590  0.071690   \n",
       "USDJPY=X -0.110360  0.212774  0.051795 -0.128952 -0.190336 -0.037653   \n",
       "VXX       0.886326 -0.773624  0.072226  0.280800  0.312000 -0.066436   \n",
       "\n",
       "               slv      CL=F  USDJPY=X       VXX  \n",
       "^VIX     -0.164473 -0.130616 -0.110360  0.886326  \n",
       "spy       0.220354  0.173950  0.212774 -0.773624  \n",
       "DX-Y.NYB -0.418170 -0.101696  0.051795  0.072226  \n",
       "tlt      -0.007272 -0.120446 -0.128952  0.280800  \n",
       "ief       0.026647 -0.105590 -0.190336  0.312000  \n",
       "gld       0.794172  0.071690 -0.037653 -0.066436  \n",
       "slv       1.000000  0.124697  0.002264 -0.227686  \n",
       "CL=F      0.124697  1.000000  0.035922 -0.163233  \n",
       "USDJPY=X  0.002264  0.035922  1.000000 -0.013628  \n",
       "VXX      -0.227686 -0.163233 -0.013628  1.000000  "
      ]
     },
     "execution_count": 61,
     "metadata": {},
     "output_type": "execute_result"
    }
   ],
   "source": [
    "#Are returns correlated? YES, the most\n",
    "returns_df.corr()"
   ]
  },
  {
   "cell_type": "code",
   "execution_count": 62,
   "id": "fa5994a2",
   "metadata": {},
   "outputs": [
    {
     "data": {
      "text/html": [
       "<div>\n",
       "<style scoped>\n",
       "    .dataframe tbody tr th:only-of-type {\n",
       "        vertical-align: middle;\n",
       "    }\n",
       "\n",
       "    .dataframe tbody tr th {\n",
       "        vertical-align: top;\n",
       "    }\n",
       "\n",
       "    .dataframe thead th {\n",
       "        text-align: right;\n",
       "    }\n",
       "</style>\n",
       "<table border=\"1\" class=\"dataframe\">\n",
       "  <thead>\n",
       "    <tr style=\"text-align: right;\">\n",
       "      <th></th>\n",
       "      <th>^VIX</th>\n",
       "      <th>spy</th>\n",
       "      <th>DX-Y.NYB</th>\n",
       "      <th>tlt</th>\n",
       "      <th>ief</th>\n",
       "      <th>gld</th>\n",
       "      <th>slv</th>\n",
       "      <th>CL=F</th>\n",
       "      <th>USDJPY=X</th>\n",
       "      <th>VXX</th>\n",
       "    </tr>\n",
       "  </thead>\n",
       "  <tbody>\n",
       "    <tr>\n",
       "      <th>^VIX</th>\n",
       "      <td>1.000000</td>\n",
       "      <td>-0.137021</td>\n",
       "      <td>0.037840</td>\n",
       "      <td>0.071523</td>\n",
       "      <td>0.080746</td>\n",
       "      <td>0.017460</td>\n",
       "      <td>-0.024428</td>\n",
       "      <td>-0.075762</td>\n",
       "      <td>-0.054239</td>\n",
       "      <td>0.223272</td>\n",
       "    </tr>\n",
       "    <tr>\n",
       "      <th>spy</th>\n",
       "      <td>-0.137021</td>\n",
       "      <td>1.000000</td>\n",
       "      <td>-0.182415</td>\n",
       "      <td>-0.432243</td>\n",
       "      <td>-0.430473</td>\n",
       "      <td>0.031160</td>\n",
       "      <td>0.220354</td>\n",
       "      <td>0.173950</td>\n",
       "      <td>0.212774</td>\n",
       "      <td>-0.773624</td>\n",
       "    </tr>\n",
       "    <tr>\n",
       "      <th>DX-Y.NYB</th>\n",
       "      <td>0.037840</td>\n",
       "      <td>-0.182415</td>\n",
       "      <td>1.000000</td>\n",
       "      <td>0.011827</td>\n",
       "      <td>-0.053894</td>\n",
       "      <td>-0.406660</td>\n",
       "      <td>-0.418170</td>\n",
       "      <td>-0.101696</td>\n",
       "      <td>0.051795</td>\n",
       "      <td>0.072226</td>\n",
       "    </tr>\n",
       "    <tr>\n",
       "      <th>tlt</th>\n",
       "      <td>0.071523</td>\n",
       "      <td>-0.432243</td>\n",
       "      <td>0.011827</td>\n",
       "      <td>1.000000</td>\n",
       "      <td>0.911058</td>\n",
       "      <td>0.153195</td>\n",
       "      <td>-0.007272</td>\n",
       "      <td>-0.120446</td>\n",
       "      <td>-0.128952</td>\n",
       "      <td>0.280800</td>\n",
       "    </tr>\n",
       "    <tr>\n",
       "      <th>ief</th>\n",
       "      <td>0.080746</td>\n",
       "      <td>-0.430473</td>\n",
       "      <td>-0.053894</td>\n",
       "      <td>0.911058</td>\n",
       "      <td>1.000000</td>\n",
       "      <td>0.192802</td>\n",
       "      <td>0.026647</td>\n",
       "      <td>-0.105590</td>\n",
       "      <td>-0.190336</td>\n",
       "      <td>0.312000</td>\n",
       "    </tr>\n",
       "    <tr>\n",
       "      <th>gld</th>\n",
       "      <td>0.017460</td>\n",
       "      <td>0.031160</td>\n",
       "      <td>-0.406660</td>\n",
       "      <td>0.153195</td>\n",
       "      <td>0.192802</td>\n",
       "      <td>1.000000</td>\n",
       "      <td>0.794172</td>\n",
       "      <td>0.071690</td>\n",
       "      <td>-0.037653</td>\n",
       "      <td>-0.066436</td>\n",
       "    </tr>\n",
       "    <tr>\n",
       "      <th>slv</th>\n",
       "      <td>-0.024428</td>\n",
       "      <td>0.220354</td>\n",
       "      <td>-0.418170</td>\n",
       "      <td>-0.007272</td>\n",
       "      <td>0.026647</td>\n",
       "      <td>0.794172</td>\n",
       "      <td>1.000000</td>\n",
       "      <td>0.124697</td>\n",
       "      <td>0.002264</td>\n",
       "      <td>-0.227686</td>\n",
       "    </tr>\n",
       "    <tr>\n",
       "      <th>CL=F</th>\n",
       "      <td>-0.075762</td>\n",
       "      <td>0.173950</td>\n",
       "      <td>-0.101696</td>\n",
       "      <td>-0.120446</td>\n",
       "      <td>-0.105590</td>\n",
       "      <td>0.071690</td>\n",
       "      <td>0.124697</td>\n",
       "      <td>1.000000</td>\n",
       "      <td>0.035922</td>\n",
       "      <td>-0.163233</td>\n",
       "    </tr>\n",
       "    <tr>\n",
       "      <th>USDJPY=X</th>\n",
       "      <td>-0.054239</td>\n",
       "      <td>0.212774</td>\n",
       "      <td>0.051795</td>\n",
       "      <td>-0.128952</td>\n",
       "      <td>-0.190336</td>\n",
       "      <td>-0.037653</td>\n",
       "      <td>0.002264</td>\n",
       "      <td>0.035922</td>\n",
       "      <td>1.000000</td>\n",
       "      <td>-0.013628</td>\n",
       "    </tr>\n",
       "    <tr>\n",
       "      <th>VXX</th>\n",
       "      <td>0.223272</td>\n",
       "      <td>-0.773624</td>\n",
       "      <td>0.072226</td>\n",
       "      <td>0.280800</td>\n",
       "      <td>0.312000</td>\n",
       "      <td>-0.066436</td>\n",
       "      <td>-0.227686</td>\n",
       "      <td>-0.163233</td>\n",
       "      <td>-0.013628</td>\n",
       "      <td>1.000000</td>\n",
       "    </tr>\n",
       "  </tbody>\n",
       "</table>\n",
       "</div>"
      ],
      "text/plain": [
       "              ^VIX       spy  DX-Y.NYB       tlt       ief       gld  \\\n",
       "^VIX      1.000000 -0.137021  0.037840  0.071523  0.080746  0.017460   \n",
       "spy      -0.137021  1.000000 -0.182415 -0.432243 -0.430473  0.031160   \n",
       "DX-Y.NYB  0.037840 -0.182415  1.000000  0.011827 -0.053894 -0.406660   \n",
       "tlt       0.071523 -0.432243  0.011827  1.000000  0.911058  0.153195   \n",
       "ief       0.080746 -0.430473 -0.053894  0.911058  1.000000  0.192802   \n",
       "gld       0.017460  0.031160 -0.406660  0.153195  0.192802  1.000000   \n",
       "slv      -0.024428  0.220354 -0.418170 -0.007272  0.026647  0.794172   \n",
       "CL=F     -0.075762  0.173950 -0.101696 -0.120446 -0.105590  0.071690   \n",
       "USDJPY=X -0.054239  0.212774  0.051795 -0.128952 -0.190336 -0.037653   \n",
       "VXX       0.223272 -0.773624  0.072226  0.280800  0.312000 -0.066436   \n",
       "\n",
       "               slv      CL=F  USDJPY=X       VXX  \n",
       "^VIX     -0.024428 -0.075762 -0.054239  0.223272  \n",
       "spy       0.220354  0.173950  0.212774 -0.773624  \n",
       "DX-Y.NYB -0.418170 -0.101696  0.051795  0.072226  \n",
       "tlt      -0.007272 -0.120446 -0.128952  0.280800  \n",
       "ief       0.026647 -0.105590 -0.190336  0.312000  \n",
       "gld       0.794172  0.071690 -0.037653 -0.066436  \n",
       "slv       1.000000  0.124697  0.002264 -0.227686  \n",
       "CL=F      0.124697  1.000000  0.035922 -0.163233  \n",
       "USDJPY=X  0.002264  0.035922  1.000000 -0.013628  \n",
       "VXX      -0.227686 -0.163233 -0.013628  1.000000  "
      ]
     },
     "execution_count": 62,
     "metadata": {},
     "output_type": "execute_result"
    }
   ],
   "source": [
    "# Is the VIX level correlted with returns? -- Not do much. It's much more correlated with levels,\n",
    "# or vIX returns correlated with returns\n",
    "\n",
    "vix_level_and_price_returns_df=pd.concat([ticker_data_df['^VIX'],returns_all_but_VIX], axis=1)\n",
    "vix_level_and_price_returns_df.corr()"
   ]
  },
  {
   "cell_type": "code",
   "execution_count": null,
   "id": "e11e780e",
   "metadata": {
    "jupyter": {
     "source_hidden": true
    }
   },
   "outputs": [],
   "source": [
    "vix_level_and_cum_price_returns_df=pd.concat([ticker_data_df['^VIX'],cum_returns_all_but_vix], axis=1)\n",
    "vix_level_and_cum_price_returns_df.hvplot()"
   ]
  },
  {
   "cell_type": "code",
   "execution_count": null,
   "id": "826b9829",
   "metadata": {
    "jupyter": {
     "source_hidden": true
    }
   },
   "outputs": [],
   "source": [
    "vix_level_adjusted=ticker_data_df['^VIX']/10\n",
    "vix_level_adjusted.hvplot()"
   ]
  },
  {
   "cell_type": "code",
   "execution_count": null,
   "id": "c9510309",
   "metadata": {},
   "outputs": [],
   "source": [
    "vix_level_adj_and_cum_price_returns_df=pd.concat([vix_level_adjusted,cum_returns_all_but_vix], axis=1)\n",
    "vix_level_adj_and_cum_price_returns_df.hvplot()"
   ]
  },
  {
   "cell_type": "code",
   "execution_count": null,
   "id": "b643096a",
   "metadata": {},
   "outputs": [],
   "source": [
    "ticker_data_df[[\"^VIX\", \"VXX\"]].dropna().hvplot()"
   ]
  },
  {
   "cell_type": "code",
   "execution_count": 76,
   "id": "79468e6e",
   "metadata": {},
   "outputs": [
    {
     "data": {},
     "metadata": {},
     "output_type": "display_data"
    },
    {
     "data": {
      "application/vnd.holoviews_exec.v0+json": "",
      "text/html": [
       "<div id='11671'>\n",
       "\n",
       "\n",
       "\n",
       "\n",
       "\n",
       "  <div class=\"bk-root\" id=\"244ab8cf-6b0b-4add-b2e0-76798f4d47fc\" data-root-id=\"11671\"></div>\n",
       "</div>\n",
